51488
54885
56410
50782
39927
39388
779
30634
5276
23854
21335
57300
13341
4605
15573
3458
30283
53007
61795
34293
12599
8042
22620
22518
58458
51708
37032
3013
6662
27615
8660
28704
40920
3157
32378
35851
7875
6397
48795
44120
3807
40699
60983
31246
50908
49920
5871
50484
61678
23206
25064
40227
1990
36219
40119
62967
874
49158
53292
26839
103
63136
58789
9298
12689
54856
63033
22955
44548
28134
27134
62861
55363
51205
37894
15528
61625
45866
48333
39301
31591
17089
18387
3662
7915
54155
48465
65058
34795
12660
23988
27553
14401
12710
38119
4119
25226
18115
11980
26198
33271
26357
53194
43048
4317
61422
39776
60250
63421
62572
33371
50750
16243
46482
49647
53571
34147
43172
14296
50686
17630
50109
21745
4707
28410
23071
23215
19125
1787
20222
55287
44158
42557
5255
57809
47825
21736
53358
39998
7789
3430
8167
20915
17709
23911
40660
35837
33325
53436
22845
35566
38123
26275
16231
45815
53267
4477
11250
29593
35500
53651
58582
64027
60982
5625
7185
17357
35929
49272
63365
47937
52549
5120
14651
8458
16075
27946
11838
43329
64087
29681
712
48977
50947
22836
45753
2053
47968
7180
15758
61996
726
1779
2490
22337
625
60644
64553
29450
33564
55355
64173
25080
16862
6396
41690
42392
29658
1074
32502
7177
29164
27393
73
52740
2301
21341
54636
54863
26292
57121
44221
75
30857
30241
12963
6429
60230
11627
49567
2830
1379
22316
11019
58414
62799
1103
41818
50052
8206
49273
57347
10807
43711
48014
2015
25466
11533
1784
11613
7624
57653
14657
40052
7578
4795
13836
37120
19491
13616
39882
44429
42822
19141
24914
19106
37426
54604
64714
64455
15050
54694
22652
15805
44750
41988
19059
31072
32707
6343
63017
29762
38126
24773
50653
939
56043
25121
43006
48304
42887
8017
11810
19557
57772
34445
39800
49797
47138
29354
368
3830
4394
53783
12338
11328
63607
22298
34398
24037
29616
19458
60816
48728
3729
5387
33062
19752
37542
8788
16152
16106
8779
3252
37269
32268
61044
60182
42984
55817
2612
39134
14295
6612
14607
19366
62216
4832
46353
64842
26476
39005
47875
32952
9101
57879
35999
41837
24810
18516
40499
13296
36047
32312
54604
48782
17505
61153
21686
1587
34850
28406
65025
52864
28542
64700
62842
14353
45783
63639
27191
24199
17346
50975
13203
58348
31859
41188
32750
52246
25199
60176
34917
20410
4707
35684
43589
55171
50425
33240
17431
63115
25500
44731
37069
16080
23078
5574
31468
3113
3044
29051
64202
43315
63784
22144
12668
26501
29637
4292
46340
47097
36169
25729
48357
62143
22362
20331
22496
10212
22046
11143
1905
64002
13172
20636
64211
35891
63792
44057
19790
62590
52692
11566
47484
21216
60319
17501
61509
44342
10863
50955
28132
28622
27451
229
13465
884
50425
39536
10939
17139
55292
48699
5251
54547
54067
53483
53136
3000
49139
27714
56031
1784
43436
42576
34908
33298
22786
5300
57611
2656
6657
17424
10455
64539
29959
24167
40721
45022
50880
37805
7029
56614
13888
9991
14484
37689
63102
11571
2826
59801
60183
30076
54297
60798
25797
29425
34139
33024
33178
30516
21931
9455
60647
8160
37938
44592
62546
29422
35055
1199
45026
2661
45495
29544
60214
39896
25122
8270
33751
41324
35868
46782
36080
30734
49313
35223
4298
46596
50139
47448
9658
7628
2287
43330
64422
30700
12071
4653
55927
58096
65362
48490
58816
10198
13374
47961
6112
14983
34697
15083
54356
58928
31678
57151
52954
25746
20779
4361
51377
12750
37687
47359
55386
17475
945
39176
61203
7618
6026
2561
3174
10564
12352
52613
53091
556
42468
23699
45328
39145
10927
16334
22617
28650
8531
35299
59276
11344
61032
9090
29365
31582
53835
49109
42670
26818
24331
45860
1935
1719
33949
37231
41848
4083
34830
8841
2550
36978
4012
29420
16774
50661
63918
20027
8530
12040
41967
24744
18043
4746
1262
22834
1871
52985
53251
22132
38086
46448
25473
29841
35137
31903
28376
43789
41808
64013
52174
7992
25151
32644
38857
22965
49412
15233
3195
17754
53357
20783
14498
49726
29742
3791
36387
51826
56625
1423
14559
28150
28447
39673
34086
12866
52558
36731
58551
63047
42161
32377
45237
20396
4891
26625
58798
16383
110
16889
16276
6815
27221
33642
15811
56461
10136
49233
22056
4197
31296
11050
37249
34995
28999
7210
48331
52225
30740
18478
35967
28259
62806
54213
28808
54903
51446
58687
21264
1499
10974
17355
11175
2344
36845
13664
49978
12346
4213
29234
32447
16025
27022
13926
48696
27655
16751
19068
48680
30809
21605
7214
54028
53888
44241
36090
56068
4812
59974
3385
27125
58015
56259
37585
14911
6688
39940
23938
65480
64800
54947
45271
48954
21930
38484
24796
6020
56080
49417
29609
35588
10607
21443
8757
18329
13979
13923
10097
25673
65434
42245
51589
12222
21539
18938
7754
22378
34338
9752
15936
13141
6106
52859
61502
57698
44772
44012
41113
35751
55922
12896
32830
58207
2794
13202
34804
42121
15758
53203
59808
45122
52144
16682
37187
48431
55048
2020
39413
49254
28568
27144
44088
30260
43076
57899
49995
64353
57571
64201
49807
19755
64795
13109
812
4768
39123
18268
51397
1334
31764
32077
37613
6933
10978
14374
1040
41851
59383
55429
38426
28492
30243
5331
21868
62836
20729
12306
9244
59054
40248
25206
42500
36460
14848
3158
31323
39355
53110
59395
9565
51379
33993
62009
23683
48771
57382
37209
58875
40523
52708
6557
2213
41909
41718
63056
35185
7203
16343
56855
19803
29684
1803
49289
6408
51750
51940
54842
16443
13914
62537
2049
56444
41374
7472
61205
52001
29788
187
913
64625
4812
44368
17088
50991
2154
11835
6120
672
10655
42884
41478
42130
56319
696
25764
54756
6392
37912
62104
44631
50957
30660
27805
42147
21222
7088
37968
53741
21988
28743
23425
19508
56245
25739
63856
29208
62985
40311
47184
12364
46297
8683
32488
13688
60838
65143
2411
8591
5108
38202
23301
61671
35950
28751
3114
59074
39315
28314
10787
50759
14395
5629
42811
14410
57942
45302
14906
20628
21171
47848
44101
33265
40101
31682
14173
15944
30896
46077
53887
35613
50216
58109
17547
2911
18254
11801
4412
14830
50068
52264
56685
42136
42446
19128
42669
498
1179
7492
5837
40383
36532
58861
